[1591882510.597643] 51.2 
[1591882511.598579] 50.7 
[1591882512.600392] 50.7 
[1591882513.601023] 50.3 
[1591882514.602140] 50.3 
[1591882515.603440] 50.1 
[1591882516.605832] 51.3 
[1591882517.606458] 50.5 
[1591882518.607766] 50.2 
[1591882519.608335] 49.4 
[1591882521.296595] 737 
[1591882521.611591] 51.6 
[1591882522.612068] 50.3 
[1591882523.613490] 50.9 
[1591882524.613419] 50.2 
[1591882525.613414] 49.5 
[1591882526.619383] 53.8 
[1591882527.617455] 50.7 
[1591882529.386564] 819 
[1591882529.623117] 55.2 
[1591882530.620359] 51.2 
[1591882531.620847] 50.3 
[1591882532.968853] 397 
[1591882533.622911] 50.2 
[1591882534.624418] 50.3 
[1591882535.625463] 49.9 
[1591882536.627250] 49.6 
[1591882537.631593] 52.1 
[1591882539.422014] 842 
[1591882539.631661] 52.2 
[1591882540.630712] 50.6 
[1591882541.632656] 50.9 
[1591882543.517476] 934 
[1591882543.635445] 51.7 
[1591882544.635152] 49.6 
[1591882545.641119] 54.0 
[1591882546.638231] 50.3 
[1591882547.639648] 50.3 
[1591882548.640934] 50.2 
[1591882549.641952] 50.1 
[1591882550.643846] 50.6 
[1591882551.645770] 50.7 
[1591882552.646863] 50.9 
[1591882553.647841] 50.7 
[1591882554.649336] 50.3 
[1591882555.650869] 50.9 
[1591882556.651601] 50.6 
[1591882557.652734] 49.9 
